H 200 119 0
E 1 64 3
E 2 51 3
E 9 41 7
E 14 69 6
E 20 199 9
E 22 133 3
E 23 129 5
E 25 54 10
E 29 32 8
E 33 15 9
E 33 140 7
E 33 163 1
E 36 147 8
E 38 181 8
E 43 156 5
E 44 177 6
E 45 105 10
E 45 195 2
E 49 50 6
E 49 70 10
E 49 71 10
E 49 128 6
E 49 136 3
E 49 179 3
E 50 141 2
E 57 42 3
E 62 1 10
E 62 113 9
E 68 14 7
E 68 122 9
E 68 124 9
E 68 193 1
E 70 25 1
E 70 36 10
E 70 76 10
E 70 142 9
E 70 180 5
E 71 81 4
E 72 35 3
E 72 157 4
E 73 152 8
E 73 162 1
E 75 74 6
E 77 62 2
E 77 98 5
E 77 185 2
E 80 192 2
E 88 159 3
E 94 171 7
E 95 183 6
E 98 118 5
E 101 52 5
E 105 2 7
E 108 45 8
E 108 170 8
E 108 175 10
E 108 188 3
E 108 191 10
E 109 44 5
E 109 161 6
E 111 80 5
E 116 78 2
E 116 134 7
E 117 49 1
E 117 68 2
E 119 126 7
E 119 194 10
E 122 22 3
E 122 108 5
E 124 169 2
E 127 85 7
E 128 9 3
E 128 23 8
E 128 75 6
E 128 196 6
E 129 88 10
E 134 43 3
E 134 187 8
E 137 82 10
E 142 33 3
E 144 131 4
E 144 155 7
E 144 186 4
E 147 119 8
E 155 101 4
E 156 112 10
E 157 198 9
E 160 57 8
E 161 73 8
E 161 137 3
E 161 197 10
E 162 135 7
E 163 38 3
E 163 103 4
E 166 77 7
E 166 111 1
E 166 116 4
E 168 79 5
E 168 160 1
E 175 94 2
E 179 10 9
E 179 18 8
E 179 109 7
E 179 144 3
E 179 149 6
E 179 166 9
E 180 95 10
E 180 114 3
E 180 127 1
E 180 168 1
E 181 123 8
E 188 29 1
E 188 96 8
E 191 24 3
E 194 20 4
E 194 72 1
E 195 3 6
E 197 87 9
E 199 189 9